625.6475,16,16
11733.88,16,13
11833.76,16,20
11326.76,16,18
16788.4,16,50
12819.34,16,55
2353.257,16,8
9080.545,16,9
11214.51,16,17
1128.317,16,42
19297.47,16,7
4706.263,16,35
11836.83,16,46
11934.32,16,3
12089.47,16,23
10188.35,16,47
11838.13,16,40
10065.85,16,10
12971.3,16,30
11072.25,16,4
11147.48,16,5
11711.41,16,31
18478.89,16,24
11957.08,16,48
15235.78,16,22
15817.92,16,12
11012.97,16,39
13803.13,16,34
12241.62,16,33
11173.56,16,6
18372.04,16,2
15665.25,16,56
14774.54,16,59
9348.923,16,52
7397.651,16,11
15970.66,16,37
8446.602,16,53
11466.75,16,14
12270.74,16,25
9729.112,16,44
15622.21,16,43
3133.925,16,45
17801.66,16,41
12351.58,16,27
9621.854,16,32
12249.37,16,51
13505.36,16,15
12880.18,16,28
15891.11,16,38
11879.9,16,57
12585.03,16,19
16890.18,16,26
10668.78,16,58
12502.27,16,21
12845.99,16,49
8403.226,16,1
5114.314,16,36
17877.15,16,54
8145.136,16,29
11733.88,13,16
1042.817,13,13
15931.75,13,20
16734.73,13,18
9022.997,13,50
15134.58,13,55
14070.8,13,8
16123,13,9
16612.46,13,17
11326.56,13,42
9018.307,13,7
14362.09,13,35
16054.59,13,46
16082.09,13,3
16052.43,13,23
16998.09,13,47
14279.4,13,40
17591.48,13,10
15227.52,13,30
16938.09,13,4
17001.95,13,5
15219.61,13,31
7393.697,13,24
15733.1,13,48
5410.656,13,22
10363.85,13,12
17255.5,13,39
12821.57,13,34
14058.72,13,33
16232.27,13,6
7958.28,13,2
12234.77,13,56
8620.451,13,59
17836.17,13,52
13185.67,13,11
6532.159,13,37
15205.16,13,53
16644.24,13,14
15992.95,13,25
2397.488,13,44
11015.89,13,43
12861.16,13,45
6300.282,13,41
15575.86,13,27
18069.91,13,32
15161.69,13,51
14491.46,13,15
12640.23,13,28
6217.666,13,38
15872.67,13,57
15625.38,13,19
7484.506,13,26
16362.34,13,58
14512.6,13,21
14913.19,13,49
15961.95,13,1
15469.75,13,36
7753.618,13,54
10827.98,13,29
11833.76,20,16
15931.75,20,13
108.9196,20,20
914.4633,20,18
6911.951,20,50
998.225,20,55
9534.888,20,8
6573.097,20,9
684.8875,20,17
12522,20,42
7468.012,20,7
9738.664,20,35
252.4479,20,46
523.9359,20,3
868.5304,20,23
1670.577,20,47
2386.201,20,40
1811.999,20,10
1437.813,20,30
1035.144,20,4
1238.199,20,5
1283.6,20,31
8739.125,20,24
215.6626,20,48
10553.88,20,22
5571.096,20,12
1681.996,20,39
3184.971,20,34
2369.546,20,33
767.4132,20,6
9141.063,20,2
3887.152,20,56
7497.094,20,59
2488.828,20,52
10163.51,20,11
9410.919,20,37
4429.667,20,53
934.7828,20,14
1351.699,20,25
18322.31,20,44
4915.899,20,43
11269.33,20,45
9853.35,20,41
556.8245,20,27
2299.266,20,32
859.6657,20,51
1675.699,20,15
3734.89,20,28
9723.795,20,38
59.61723,20,57
1242.31,20,19
8450.441,20,26
1362.566,20,58
1603.29,20,21
1052.484,20,49
7129.667,20,1
8645.725,20,36
8254.594,20,54
8314.978,20,29
11326.76,18,16
16734.73,18,13
914.4633,18,20
68.44467,18,18
7724.392,18,50
1601.903,18,55
8984.677,18,8
5680.899,18,9
487.4555,18,17
11904.94,18,42
7970.82,18,7
8874.132,18,35
718.4293,18,46
653.1423,18,3
767.1575,18,23
1561.883,18,47
3212.434,18,40
1316.64,18,10
1651.582,18,30
262.3845,18,4
323.7796,18,5
2089.225,18,31
9405.117,18,24
1129.979,18,48
11416.28,18,22
6419.599,18,12
775.6281,18,39
4088.119,18,34
3245.262,18,33
1174.904,18,6
9463.263,18,2
4531.736,18,56
8404.442,18,59
2078.484,18,52
9259.353,18,11
10261.22,18,37
4643.222,18,53
173.0333,18,14
1087.773,18,25
19011.83,18,44
5752.112,18,43
10464.8,18,45
10515.8,18,41
1160.644,18,27
1711.396,18,32
1773.603,18,51
2261.25,18,15
4636.352,18,28
10571.47,18,38
971.336,18,57
1283.716,18,19
9260.542,18,26
1626.512,18,58
2514.58,18,21
1837.307,18,49
6222.864,18,1
7793.681,18,36
8989.95,18,54
8838.753,18,29
16788.4,50,16
9022.997,50,13
6911.951,50,20
7724.392,50,18
142.7289,50,50
6142.225,50,55
15591.09,50,8
12212.45,50,9
7595.708,50,17
17888.71,50,42
3036.238,50,7
16506.31,50,35
7032.401,50,46
7077.438,50,3
7103.063,50,23
8242.789,50,47
5848.475,50,40
8661.471,50,10
6389.695,50,30
7916.79,50,4
8011.9,50,5
6427.326,50,31
2439.355,50,24
6718.291,50,48
3767.354,50,22
1421.938,50,12
8343.561,50,39
3963.021,50,34
5489.495,50,33
7311.514,50,6
4903.568,50,2
3460.884,50,56
2179.09,50,59
9187.91,50,52
15124.74,50,11
2593.442,50,37
8919.738,50,53
7651.716,50,14
7178.676,50,25
11410.95,50,44
2010.818,50,43
18180.65,50,45
3363.789,50,41
6564.271,50,27
9162.36,50,32
6184.488,50,51
5548.405,50,15
4409.454,50,28
2887.813,50,38
6853.285,50,57
6767.017,50,19
1538.62,50,26
7625.121,50,58
5628.797,50,21
5891.902,50,49
12946.79,50,1
15488.41,50,36
1622.246,50,54
8661.903,50,29
12819.34,55,16
15134.58,55,13
998.225,55,20
1601.903,55,18
6142.225,55,50
171.3729,55,55
10505.83,55,8
6820.474,55,9
1609.652,55,17
13471.03,55,42
6480.601,55,7
10417.04,55,35
986.366,55,46
948.8527,55,3
977.0479,55,23
2668.628,55,47
2666.144,55,40
2762.7,55,10
715.4365,55,30
1823.709,55,4
1873.072,55,5
1787.387,55,31
7819.103,55,24
923.2194,55,48
9869.426,55,22
4876.771,55,12
2209.153,55,39
2743.775,55,34
2490.736,55,33
1732.921,55,6
8145.003,55,2
2945.178,55,56
7005.935,55,59
3470.514,55,52
10424.03,55,11
8703.475,55,37
5292.75,55,53
1512.952,55,14
1216.697,55,25
17451.06,55,44
4198.98,55,43
12054.88,55,45
8932.395,55,41
469.7038,55,27
3229.235,55,32
1054.689,55,51
686.9657,55,15
3623.12,55,28
9009.899,55,38
959.4427,55,57
838.4113,55,19
7673.707,55,26
2313.671,55,58
1600.686,55,21
433.5281,55,49
7450.31,55,1
9355.841,55,36
7388.299,55,54
8857.462,55,29
2353.257,8,16
14070.8,8,13
9534.888,8,20
8984.677,8,18
15591.09,8,50
10505.83,8,55
1097.356,8,8
7366.274,8,9
8896.274,8,17
3017.946,8,42
16948.04,8,7
3756.413,8,35
9519.683,8,46
9601.955,8,3
9744.198,8,23
7922.073,8,47
9886.343,8,40
7743.538,8,10
10623.64,8,30
8732.79,8,4
8797.828,8,5
9561.282,8,31
18014.9,8,24
9672.754,8,48
16326.22,8,22
14251.55,8,12
8659.942,8,39
11863.16,8,34
10275.35,8,33
8913.18,8,6
17693.2,8,2
13413.98,8,56
14264.9,8,59
7046.678,8,52
6841.765,8,11
16420.49,8,37
6674.87,8,53
9121.226,8,14
9917.605,8,25
12070.38,8,44
13836.4,8,43
3171.635,8,45
18832.29,8,41
10036.25,8,27
7287.52,8,32
10024.41,8,51
11192.67,8,15
11201.76,8,28
16540.27,8,38
9583.929,8,57
10235.23,8,19
16629.35,8,26
8447.175,8,58
10374.6,8,21
10568.55,8,49
6794.436,8,1
3606.018,8,36
17207.4,8,54
7900.19,8,29
9080.545,9,16
16123,9,13
6573.097,9,20
5680.899,9,18
12212.45,9,50
6820.474,9,55
7366.274,9,8
1187.996,9,9
6089.288,9,17
8798.453,9,42
10458.92,9,7
4539.953,9,35
6339.002,9,46
6134.981,9,3
5913.635,9,23
6402.091,9,47
8866.373,9,40
5695.349,9,10
6282.455,9,30
5653.213,9,4
5364.799,9,5
7751.891,9,31
12434.39,9,24
6782.091,9,48
15654.81,9,22
11349.87,9,12
4905.859,9,39
9563.885,9,34
8925.736,9,33
6737.826,9,6
10330.62,9,2
8830.261,9,56
13720.48,9,59
5845.943,9,52
3609.244,9,11
14623.82,9,37
8736.006,9,53
5638.61,9,14
5604.292,9,25
14657.01,9,44
10688.13,9,43
6403.348,9,45
13143.47,9,41
6581.987,9,27
5392.036,9,32
7422.265,9,51
7169.651,9,15
10307.03,9,28
14835.63,9,38
6624.73,9,57
6000.775,9,19
13439.07,9,26
6919.073,9,58
8168.275,9,21
7224.076,9,49
737.0425,9,1
3966.587,9,36
12637.78,9,54
13075.43,9,29
11214.51,17,16
16612.46,17,13
684.8875,17,20
487.4555,17,18
7595.708,17,50
1609.652,17,55
8896.274,17,8
6089.288,17,9
76.42681,17,17
11866.25,17,42
8084.264,17,7
9070.684,17,35
623.4171,17,46
755.3049,17,3
1033.508,17,23
1183.855,17,47
2779.648,17,40
1153.117,17,10
1859.36,17,30
436.0778,17,4
748.7117,17,5
1662.651,17,31
9409.006,17,24
879.3594,17,48
11222.69,17,22
6249.013,17,12
1203.958,17,39
3829.742,17,34
2847.535,17,33
692.6592,17,6
9680.594,17,2
4544.338,17,56
8123.768,17,59
1872.268,17,52
9640.465,17,11
10085.6,17,37
4203.844,17,53
628.025,17,14
1459.379,17,25
19006.65,17,44
5597.236,17,43
10585.31,17,45
10523.38,17,41
1139.992,17,27
1626.974,17,32
1476.123,17,51
2296.397,17,15
4263.906,17,28
10399.17,17,38
742.9638,17,57
1546.508,17,19
9134.03,17,26
1149.141,17,58
2185.64,17,21
1730.779,17,49
6603.182,17,1
7973.097,17,36
8936.451,17,54
8354.959,17,29
1128.317,42,16
11326.56,42,13
12522,42,20
11904.94,42,18
17888.71,42,50
13471.03,42,55
3017.946,42,8
8798.453,42,9
11866.25,42,17
327.2397,42,42
19079.88,42,7
4269.443,42,35
12487.06,42,46
12542.61,42,3
12644.59,42,23
10933.15,42,47
12819.2,42,40
10715.11,42,10
13501.46,42,30
11663.39,42,4
11685.42,42,5
12573.26,42,31
18697.32,42,24
12670.03,42,48
15614.28,42,22
16936.54,42,12
11481.75,42,39
14801.26,42,34
13218.19,42,33
11923.97,42,6
17247.38,42,2
16408.99,42,56
15796.09,42,59
10042.32,42,52
6621.323,42,11
16562.12,42,37
9471.703,42,53
12027.16,42,14
12747.34,42,25
9138.396,42,44
16694.83,42,43
2468.643,42,45
17626.81,42,41
13002.47,42,27
10242.03,42,32
13040.96,42,51
14153.3,42,15
13957.64,42,28
16402.79,42,38
12573.23,42,57
13104.44,42,19
17659.3,42,26
11464.98,42,58
13383.32,42,21
13566.19,42,49
8080.885,42,1
4922.363,42,36
18603.05,42,54
9226.93,42,29
19297.47,7,16
9018.307,7,13
7468.012,7,20
7970.82,7,18
3036.238,7,50
6480.601,7,55
16948.04,7,8
10458.92,7,9
8084.264,7,17
19079.88,7,42
1163.707,7,7
14937.48,7,35
7462.242,7,46
7363.33,7,3
7208.356,7,23
9117.676,7,47
7551.418,7,40
9232.299,7,10
6326.875,7,30
8225.232,7,4
8151.353,7,5
7623.437,7,31
1976.249,7,24
7347.376,7,48
5220.879,7,22
3785.013,7,12
8290.863,7,39
5609.038,7,34
7146.982,7,33
8134.695,7,6
2098.111,7,2
3655.658,7,56
5171.491,7,59
9951.105,7,52
12467.17,7,11
4355.047,7,37
10960.48,7,53
7831.141,7,14
7031.006,7,25
11041.03,7,44
3882.877,7,43
16666.29,7,45
2850.319,7,41
6947.899,7,27
9675.63,7,32
7068.477,7,51
5795.045,7,15
6605.185,7,28
4484.657,7,38
7422.387,7,57
6713.787,7,19
3303.891,7,26
8646.589,7,58
6841.785,7,21
6460.799,7,49
11159.25,7,1
14402.5,7,36
2330.799,7,54
11674.59,7,29
4706.263,35,16
14362.09,35,13
9738.664,35,20
8874.132,35,18
16506.31,35,50
10417.04,35,55
3756.413,35,8
4539.953,35,9
9070.684,35,17
4269.443,35,42
14937.48,35,7
401.9008,35,35
9585.834,35,46
9505.208,35,3
9443.786,35,23
8645.645,35,47
11313.6,35,40
8107.001,35,10
10123.49,35,30
8707.677,35,4
8570.659,35,5
10466.42,35,31
16876.18,35,24
9945.401,35,48
19772.34,35,22
15290.56,35,12
8208.013,35,39
12883.76,35,34
11586.3,35,33
9471.443,35,6
14262.86,35,2
13053.9,35,56
16966.86,35,59
7724.87,35,52
3088.959,35,11
19097.63,35,37
9083.82,35,53
8927.356,35,14
9337.488,35,25
11974.69,35,44
14615.72,35,43
1875.294,35,45
17255.37,35,41
10020.88,35,27
7616.365,35,32
10537.51,35,51
10979.1,35,15
12951.61,35,28
19364.4,35,38
9798.274,35,57
9751.91,35,19
17931.82,35,26
9288.206,35,58
11192.37,35,21
10708.16,35,49
3815.184,35,1
1114.829,35,36
17177.21,35,54
11571.87,35,29
11836.83,46,16
16054.59,46,13
252.4479,46,20
718.4293,46,18
7032.401,46,50
986.366,46,55
9519.683,46,8
6339.002,46,9
623.4171,46,17
12487.06,46,42
7462.242,46,7
9585.834,46,35
105.6266,46,46
279.8608,46,3
631.8411,46,23
1737.169,46,47
2637.998,46,40
1776.348,46,10
1300.095,46,30
884.6105,46,4
1036.988,46,5
1535.797,46,31
8794.616,46,24
445.1513,46,48
10705.36,46,22
5711.911,46,12
1465.218,46,39
3371.025,46,34
2614.886,46,33
926.5591,46,6
9082.237,46,2
3925.245,46,56
7688.102,46,59
2490.774,46,52
9935.079,46,11
9554.34,46,37
4603.614,46,53
709.4576,46,14
1117.156,46,25
18419.03,46,44
5048.636,46,43
11151.94,46,45
9908.748,46,41
516.6628,46,27
2245.294,46,32
1083.813,46,51
1673,46,15
3968.088,46,28
9865.71,46,38
293.086,46,57
1053.71,46,19
8570.566,46,26
1514.704,46,58
1830.223,46,21
1141.565,46,49
6904.571,46,1
8500.567,46,36
8338.598,46,54
8549.082,46,29
11934.32,3,16
16082.09,3,13
523.9359,3,20
653.1423,3,18
7077.438,3,50
948.8527,3,55
9601.955,3,8
6134.981,3,9
755.3049,3,17
12542.61,3,42
7363.33,3,7
9505.208,3,35
279.8608,3,46
224.8358,3,3
352.9857,3,23
1927.453,3,47
2895.229,3,40
1873.129,3,10
1104.221,3,30
880.187,3,4
936.1019,3,5
1803.951,3,31
8759.48,3,24
689.5331,3,48
10783.79,3,22
5785.567,3,12
1318.172,3,39
3512.118,3,34
2852.534,3,33
1187.299,3,6
8927.671,3,2
3884.671,3,56
7825.898,3,59
2614.646,3,52
9739.229,3,11
9623.965,3,37
4858.187,3,53
577.8569,3,14
838.0254,3,25
18386.66,3,44
5114.034,3,43
11114.22,3,45
9871.489,3,41
515.774,3,27
2314.488,3,32
1298.071,3,51
1614.179,3,15
4178.845,3,28
9932.874,3,38
553.9702,3,57
810.3746,3,19
8612.231,3,26
1765.166,3,58
2038.686,3,21
1204.434,3,49
6717.542,3,1
8431.873,3,36
8337.11,3,54
8828.848,3,29
12089.47,23,16
16052.43,23,13
868.5304,23,20
767.1575,23,18
7103.063,23,50
977.0479,23,55
9744.198,23,8
5913.635,23,9
1033.508,23,17
12644.59,23,42
7208.356,23,7
9443.786,23,35
631.8411,23,46
352.9857,23,3
78.08043,23,23
2217.219,23,47
3209.131,23,40
2074.977,23,10
884.6371,23,30
1027.609,23,4
959.5936,23,5
2135.535,23,31
8679.169,23,24
1011.98,23,48
10841.68,23,22
5852.457,23,12
1240.498,23,39
3676.836,23,34
3141.281,23,33
1534.086,23,6
8702.536,23,2
3818.45,23,56
7968.923,23,59
2832.958,23,52
9522.823,23,11
9673.563,23,37
5195.729,23,53
622.9741,23,14
485.3148,23,25
18247.02,23,44
5173.553,23,43
11103.5,23,45
9785.596,23,41
668.9079,23,27
2478.47,23,32
1576.432,23,51
1566.362,23,15
4427.939,23,28
9978.475,23,38
891.5908,23,57
523.7871,23,19
8628.834,23,26
2103.728,23,58
2298.498,23,21
1328.55,23,49
6519.391,23,1
8388.854,23,36
8299.982,23,54
9180.494,23,29
10188.35,47,16
16998.09,47,13
1670.577,47,20
1561.883,47,18
8242.789,47,50
2668.628,47,55
7922.073,47,8
6402.091,47,9
1183.855,47,17
10933.15,47,42
9117.676,47,7
8645.645,47,35
1737.169,47,46
1927.453,47,3
2217.219,47,23
580.4717,47,47
2718.831,47,40
706.8757,47,10
3027.239,47,30
1340.39,47,4
1651.441,47,5
1833.582,47,31
10272.68,47,24
1771.935,47,48
11649.36,47,22
6837.094,47,12
1971.189,47,39
4301.69,47,34
2948.794,47,33
991.1346,47,6
10810.22,47,2
5494.764,47,56
8387.595,47,59
945.4926,47,52
9760.504,47,11
10579.58,47,37
3106.411,47,53
1733.388,47,14
2628.122,47,25
18953.23,47,44
6236.475,47,43
9955.96,47,45
11378.64,47,41
2219.584,47,27
1087.167,47,32
2117.954,47,51
3340.904,47,15
4358.675,47,28
10894.61,47,38
1709.914,47,57
2729.073,47,19
9756.441,47,26
642.7219,47,58
2614.675,47,21
2657.681,47,49
6792.216,47,1
7530.821,47,36
9706.721,47,54
7447.985,47,29
11838.13,40,16
14279.4,40,13
2386.201,40,20
3212.434,40,18
5848.475,40,50
2666.144,40,55
9886.343,40,8
8866.373,40,9
2779.648,40,17
12819.2,40,42
7551.418,40,7
11313.6,40,35
2637.998,40,46
2895.229,40,3
3209.131,40,23
2718.831,40,47
376.3988,40,40
3355.657,40,10
3380.702,40,30
3215.215,40,4
3516.866,40,5
1123.226,40,31
8148.943,40,24
2205.767,40,48
8979.391,40,22
4432.625,40,12
3977.057,40,39
1983.482,40,34
404.453,40,33
2133.612,40,6
9577.598,40,2
4055.418,40,56
5684.017,40,59
3601.095,40,52
12384.58,40,11
7962.7,40,37
3414.671,40,53
3284.383,40,14
3660.689,40,25
16471.37,40,44
3952.961,40,43
12438.79,40,45
9182.301,40,41
2609.876,40,27
3799.947,40,32
1661.533,40,51
2905.404,40,15
1645.602,40,28
8273.529,40,38
2346.3,40,57
3407.464,40,19
7275.437,40,26
2088.653,40,58
1109.213,40,21
2267.659,40,49
9357.814,40,1
10202.79,40,36
7434.833,40,54
6216.672,40,29
10065.85,10,16
17591.48,10,13
1811.999,10,20
1316.64,10,18
8661.471,10,50
2762.7,10,55
7743.538,10,8
5695.349,10,9
1153.117,10,17
10715.11,10,42
9232.299,10,7
8107.001,10,35
1776.348,10,46
1873.129,10,3
2074.977,10,23
706.8757,10,47
3355.657,10,40
267.5404,10,10
2952.195,10,30
1054.656,10,4
1263.379,10,5
2372.903,10,31
10551.06,10,24
1977.705,10,48
12188.31,10,22
7282.046,10,12
1450.236,10,39
4784.696,10,34
3546.182,10,33
1366.76,10,6
10777.42,10,2
5694.333,10,56
8975.765,10,59
762.6525,10,52
9073.951,10,11
11084.66,10,37
3639.542,10,53
1481.366,10,14
2390.782,10,25
19586.18,10,44
6651.62,10,43
9521.563,10,45
11665.22,10,41
2293.005,10,27
500.9223,10,32
2477.149,10,51
3449.3,10,15
4975.897,10,28
11400.13,10,38
1865.664,10,57
2596.908,10,19
10193.69,10,26
1273.835,10,58
3087.75,10,21
2863.877,10,49
6092.003,10,1
6995.169,10,36
10053.22,10,54
8070.031,10,29
12971.3,30,16
15227.52,30,13
1437.813,30,20
1651.582,30,18
6389.695,30,50
715.4365,30,55
10623.64,30,8
6282.455,30,9
1859.36,30,17
13501.46,30,42
6326.875,30,7
10123.49,30,35
1300.095,30,46
1104.221,30,3
884.6371,30,23
3027.239,30,47
3380.702,30,40
2952.195,30,10
218.2159,30,30
1911.138,30,4
1826.928,30,5
2465.045,30,31
7835.616,30,24
1457.984,30,48
10154.71,30,22
5220.844,30,12
2028.749,30,39
3314.919,30,34
3203.884,30,33
2203.158,30,6
7830.051,30,2
3010.809,30,56
7469.547,30,59
3705.295,30,52
9860.541,30,11
8980.642,30,37
5862.641,30,53
1505.523,30,14
791.2361,30,25
17362.61,30,44
4537.599,30,43
11849.47,30,45
8935.669,30,41
911.2882,30,27
3362.978,30,32
1750.842,30,51
892.6777,30,15
4291.096,30,28
9277.475,30,38
1424.061,30,57
397.8922,30,19
7892.627,30,26
2798.361,30,58
2313.788,30,21
1135.325,30,49
6943.182,30,1
9103.444,30,36
7498.113,30,54
9561.048,30,29
11072.25,4,16
16938.09,4,13
1035.144,4,20
262.3845,4,18
7916.79,4,50
1823.709,4,55
8732.79,4,8
5653.213,4,9
436.0778,4,17
11663.39,4,42
8225.232,4,7
8707.677,4,35
884.6105,4,46
880.187,4,3
1027.609,4,23
1340.39,4,47
3215.215,4,40
1054.656,4,10
1911.138,4,30
278.1876,4,4
342.9475,4,5
2098.726,4,31
9639.476,4,24
1247.24,4,48
11584.25,4,22
6594.23,4,12
778.2031,4,39
4218.442,4,34
3281.899,4,33
1109.901,4,6
9725.629,4,2
4764.565,4,56
8526.015,4,59
1816.853,4,52
9206.813,4,11
10436.4,4,37
4440.135,4,53
427.9169,4,14
1342.89,4,25
19263.88,4,44
5932.586,4,43
10268.11,4,45
10751.64,4,41
1368.178,4,27
1452.86,4,32
1875.018,4,51
2494.316,4,15
4694.5,4,28
10748.26,4,38
1094.61,4,57
1545.797,4,19
9454.805,4,26
1483.828,4,58
2600.656,4,21
2025.144,4,49
6169.154,4,1
7618.86,4,36
9208.554,4,54
8692.812,4,29
11147.48,5,16
17001.95,5,13
1238.199,5,20
323.7796,5,18
8011.9,5,50
1873.072,5,55
8797.828,5,8
5364.799,5,9
748.7117,5,17
11685.42,5,42
8151.353,5,7
8570.659,5,35
1036.988,5,46
936.1019,5,3
959.5936,5,23
1651.441,5,47
3516.866,5,40
1263.379,5,10
1826.928,5,30
342.9475,5,4
185.8346,5,5
2394.85,5,31
9638.419,5,24
1453.666,5,48
11718.78,5,22
6720.636,5,12
460.4115,5,39
4408.013,5,34
3561.059,5,33
1438.425,5,6
9574.237,5,2
4773.94,5,56
8725.037,5,59
2017.175,5,52
8938.404,5,11
10559.89,5,37
4757.643,5,53
360.315,5,14
1157.104,5,25
19147.14,5,44
6049.916,5,43
10182.22,5,45
10745.17,5,41
1451.644,5,27
1583.091,5,32
2097.38,5,51
2510.88,5,15
4957.345,5,28
10868.94,5,38
1294.938,5,57
1437.571,5,19
9545.471,5,26
1826.619,5,58
2838.027,5,21
2137.511,5,49
5901.343,5,1
7495.812,5,36
9248.713,5,54
9033.48,5,29
11711.41,31,16
15219.61,31,13
1283.6,31,20
2089.225,31,18
6427.326,31,50
1787.387,31,55
9561.282,31,8
7751.891,31,9
1662.651,31,17
12573.26,31,42
7623.437,31,7
10466.42,31,35
1535.797,31,46
1803.951,31,3
2135.535,31,23
1833.582,31,47
1123.226,31,40
2372.903,31,10
2465.045,31,30
2098.726,31,4
2394.85,31,5
136.4572,31,31
8550.194,31,24
1123.943,31,48
9828.909,31,22
5013.934,31,12
2855.222,31,39
2472.031,31,34
1200.514,31,33
1050.411,31,6
9517.985,31,2
3975.359,31,56
6603.518,31,59
2775.634,31,52
11294.58,31,11
8747.895,31,37
3611.672,31,53
2162.912,31,14
2606.405,31,25
17523.31,31,44
4431.495,31,43
11781.63,31,45
9638.198,31,41
1600.171,31,27
2853.773,31,32
741.4337,31,51
2233.583,31,15
2634.335,31,28
9063.136,31,38
1249.986,31,57
2408.377,31,19
7930.385,31,26
1200.805,31,58
817.238,31,21
1482.129,31,49
8259.79,31,1
9352.117,31,36
7929.799,31,54
7108.558,31,29
18478.89,24,16
7393.697,24,13
8739.125,24,20
9405.117,24,18
2439.355,24,50
7819.103,24,55
18014.9,24,8
12434.39,24,9
9409.006,24,17
18697.32,24,42
1976.249,24,7
16876.18,24,35
8794.616,24,46
8759.48,24,3
8679.169,24,23
10272.68,24,47
8148.943,24,40
10551.06,24,10
7835.616,24,30
9639.476,24,4
9638.419,24,5
8550.194,24,31
12.42926,24,24
8577.637,24,48
3262.165,24,22
3763.475,24,12
9862.015,24,39
6183.557,24,34
7765.8,24,33
9289.38,24,6
2891.225,24,2
4874.939,24,56
4053.215,24,59
11190.01,24,52
14147.54,24,11
2518.368,24,37
11342.32,24,53
9290.671,24,14
8599.981,24,25
9631.967,24,44
4196.246,24,43
18392.68,24,45
1114.391,24,41
8283.614,24,27
11035.67,24,32
8154.784,24,51
7145.355,24,15
6813.409,24,28
2587.967,24,38
8685.43,24,57
8233.46,24,19
1727.328,24,26
9705.592,24,58
7732.957,24,21
7687.269,24,49
13131.11,24,1
16375.76,24,36
868.035,24,54
10689.86,24,29
11957.08,48,16
15733.1,48,13
215.6626,48,20
1129.979,48,18
6718.291,48,50
923.2194,48,55
9672.754,48,8
6782.091,48,9
879.3594,48,17
12670.03,48,42
7347.376,48,7
9945.401,48,35
445.1513,48,46
689.5331,48,3
1011.98,48,23
1771.935,48,47
2205.767,48,40
1977.705,48,10
1457.984,48,30
1247.24,48,4
1453.666,48,5
1123.943,48,31
8577.637,48,24
114.7229,48,48
10347.5,48,22
5369.791,48,12
1895.995,48,39
2971.412,48,34
2170.795,48,33
811.4083,48,6
9058.923,48,2
3742.335,48,56
7282.259,48,59
2628.122,48,52
10375.25,48,11
9207.439,48,37
4409.833,48,53
1145.901,48,14
1483.495,48,25
18128.41,48,44
4718.152,48,43
11462.46,48,45
9691.141,48,41
546.806,48,27
2471.427,48,32
645.1553,48,51
1574.19,48,15
3525.037,48,28
9520.76,48,38
159.0699,48,57
1318.564,48,19
8256.267,48,26
1390.911,48,58
1390.226,48,21
896.3701,48,49
7342.427,48,1
8850.266,48,36
8077.671,48,54
8202.181,48,29
15235.78,22,16
5410.656,22,13
10553.88,22,20
11416.28,22,18
3767.354,22,50
9869.426,22,55
16326.22,22,8
15654.81,22,9
11222.69,22,17
15614.28,22,42
5220.879,22,7
19772.34,22,35
10705.36,22,46
10783.79,22,3
10841.68,22,23
11649.36,22,47
8979.391,22,40
12188.31,22,10
10154.71,22,30
11584.25,22,4
11718.78,22,5
9828.909,22,31
3262.165,22,24
10347.5,22,48
523.0264,22,22
4998.229,22,12
12078.58,22,39
7411.062,22,34
8708.082,22,33
10823.78,22,6
5791.627,22,2
7212.794,22,56
3320.081,22,59
12569.47,22,52
16863.46,22,11
1174.196,22,37
11173.65,22,53
11361.64,22,14
10941.94,22,25
7798.826,22,44
5671.58,22,43
17961.38,22,45
2792.088,22,41
10268.04,22,27
12679,22,32
9756.628,22,51
9302.706,22,15
7340.407,22,28
886.1407,22,38
10494.27,22,57
10528.27,22,19
2316.466,22,26
11006.77,22,58
9102.793,22,21
9581.404,22,49
16371.12,22,1
19180.12,22,36
3023.314,22,54
8573.012,22,29
15817.92,12,16
10363.85,12,13
5571.096,12,20
6419.599,12,18
1421.938,12,50
4876.771,12,55
14251.55,12,8
11349.87,12,9
6249.013,12,17
16936.54,12,42
3785.013,12,7
15290.56,12,35
5711.911,12,46
5785.567,12,3
5852.457,12,23
6837.094,12,47
4432.625,12,40
7282.046,12,10
5220.844,12,30
6594.23,12,4
6720.636,12,5
5013.934,12,31
3763.475,12,24
5369.791,12,48
4998.229,12,22
681.9816,12,12
7084.429,12,39
2544.592,12,34
4069.441,12,33
5922.222,12,6
5847.71,12,2
2555.768,12,56
2431.215,12,59
7782.559,12,52
14673.66,12,11
3842.43,12,37
7585.293,12,53
6363.421,12,14
5991.679,12,25
12761.04,12,44
683.3699,12,43
16792.93,12,45
4756.725,12,41
5269.833,12,27
7782.462,12,32
4808.348,12,51
4341.881,12,15
3053.153,12,28
4154.034,12,38
5511.714,12,57
5574.222,12,19
2919.706,12,26
6213.792,12,58
4222.863,12,21
4583.481,12,49
12059.81,12,1
14212.44,12,36
3006.763,12,54
8000.751,12,29
11012.97,39,16
17255.5,39,13
1681.996,39,20
775.6281,39,18
8343.561,39,50
2209.153,39,55
8659.942,39,8
4905.859,39,9
1203.958,39,17
11481.75,39,42
8290.863,39,7
8208.013,39,35
1465.218,39,46
1318.172,39,3
1240.498,39,23
1971.189,39,47
3977.057,39,40
1450.236,39,10
2028.749,39,30
778.2031,39,4
460.4115,39,5
2855.222,39,31
9862.015,39,24
1895.995,39,48
12078.58,39,22
7084.429,39,12
99.71606,39,39
4825.965,39,34
4019.906,39,33
1887.733,39,6
9599.005,39,2
5031.947,39,56
9142.171,39,59
2148.598,39,52
8484.521,39,11
10912.11,39,37
5059.889,39,53
756.7269,39,14
1267.015,39,25
19023.78,39,44
6407.776,39,43
9864.613,39,45
10958.23,39,41
1826.82,39,27
1639.821,39,32
2541.149,39,51
2802.315,39,15
5411.38,39,28
11217.8,39,38
1736.948,39,57
1631.147,39,19
9868.662,39,26
2234.848,39,58
3285.214,39,21
2517.525,39,49
5448.801,39,1
7148.895,39,36
9520.277,39,54
9408.457,39,29
13803.13,34,16
12821.57,34,13
3184.971,34,20
4088.119,34,18
3963.021,34,50
2743.775,34,55
11863.16,34,8
9563.885,34,9
3829.742,34,17
14801.26,34,42
5609.038,34,7
12883.76,34,35
3371.025,34,46
3512.118,34,3
3676.836,34,23
4301.69,34,47
1983.482,34,40
4784.696,34,10
3314.919,34,30
4218.442,34,4
4408.013,34,5
2472.031,34,31
6183.557,34,24
2971.412,34,48
7411.062,34,22
2544.592,34,12
4825.965,34,39
482.8648,34,34
1588.699,34,33
3417.937,34,6
7672.881,34,2
2351.435,34,56
4317.383,34,59
5246.054,34,52
13163.93,34,11
6300.096,34,37
5357.392,34,53
4071.167,34,14
3959.594,34,25
15205.97,34,44
1994.771,34,43
14253.49,34,45
7238.671,34,41
3020.916,34,27
5280.981,34,32
2354.145,34,51
2466.589,34,15
1305.311,34,28
6615.604,34,38
3125.928,34,57
3566.229,34,19
5458.478,34,26
3672.809,34,58
1698.194,34,21
2349.756,34,49
10191.14,34,1
11775.83,34,36
5502.821,34,54
7256.418,34,29
12241.62,33,16
14058.72,33,13
2369.546,33,20
3245.262,33,18
5489.495,33,50
2490.736,33,55
10275.35,33,8
8925.736,33,9
2847.535,33,17
13218.19,33,42
7146.982,33,7
11586.3,33,35
2614.886,33,46
2852.534,33,3
3141.281,33,23
2948.794,33,47
404.453,33,40
3546.182,33,10
3203.884,33,30
3281.899,33,4
3561.059,33,5
1200.514,33,31
7765.8,33,24
2170.795,33,48
8708.082,33,22
4069.441,33,12
4019.906,33,39
1588.699,33,34
55.30593,33,33
2250.53,33,6
9174.412,33,2
3660.809,33,56
5439.95,33,59
3861.431,33,52
12487.84,33,11
7665.067,33,37
3818.638,33,53
3296.282,33,14
3567.665,33,25
16325.42,33,44
3570.082,33,43
12775.54,33,45
8808.466,33,41
2505.682,33,27
4011.559,33,32
1564.973,33,51
2643.989,33,15
1435.557,33,28
7978.045,33,38
2322.519,33,57
3277.226,33,19
6937.416,33,26
2307.202,33,58
890.1459,33,21
2070.605,33,49
9450.717,33,1
10472.25,33,36
7064.045,33,54
6472.01,33,29
11173.56,6,16
16232.27,6,13
767.4132,6,20
1174.904,6,18
7311.514,6,50
1732.921,6,55
8913.18,6,8
6737.826,6,9
692.6592,6,17
11923.97,6,42
8134.695,6,7
9471.443,6,35
926.5591,6,46
1187.299,6,3
1534.086,6,23
991.1346,6,47
2133.612,6,40
1366.76,6,10
2203.158,6,30
1109.901,6,4
1438.425,6,5
1050.411,6,31
9289.38,6,24
811.4083,6,48
10823.78,6,22
5922.222,6,12
1887.733,6,39
3417.937,6,34
2250.53,6,33
206.4667,6,6
9869.275,6,2
4504.574,6,56
7635.494,6,59
1903.561,6,52
10254.87,6,11
9717.922,6,37
3677.193,6,53
1297.695,6,14
2010.678,6,25
18572.15,6,44
5300.738,6,43
10875.48,6,45
10397.98,6,41
1319.479,6,27
1864.041,6,32
1139.559,6,51
2383.171,6,15
3684.742,6,28
10033.4,6,38
789.4631,6,57
1980.122,6,19
8838.563,6,26
595.3532,6,58
1721.419,6,21
1674.773,6,49
7224.739,6,1
8360.616,6,36
8741.851,6,54
7697.383,6,29
18372.04,2,16
7958.28,2,13
9141.063,2,20
9463.263,2,18
4903.568,2,50
8145.003,2,55
17693.2,2,8
10330.62,2,9
9680.594,2,17
17247.38,2,42
2098.111,2,7
14262.86,2,35
9082.237,2,46
8927.671,2,3
8702.536,2,23
10810.22,2,47
9577.598,2,40
10777.42,2,10
7830.051,2,30
9725.629,2,4
9574.237,2,5
9517.985,2,31
2891.225,2,24
9058.923,2,48
5791.627,2,22
5847.71,2,12
9599.005,2,39
7672.881,2,34
9174.412,2,33
9869.275,2,6
231.188,2,2
5565.439,2,56
6861.33,2,59
11534.55,2,52
11312.39,2,11
5329.095,2,37
12990.9,2,53
9303.377,2,14
8417.135,2,25
9575.732,2,44
5980.15,2,43
15505.62,2,45
2999.541,2,41
8590.702,2,27
11156.39,2,32
8892.294,2,51
7486.303,2,15
8701.922,2,28
5326.388,2,38
9104.249,2,57
8180.65,2,19
4612.997,2,26
10427.62,2,58
8777.496,2,21
8215.83,2,49
10918.79,2,1
14172.2,2,36
3672.564,2,54
13517,2,29
15665.25,56,16
12234.77,56,13
3887.152,56,20
4531.736,56,18
3460.884,56,50
2945.178,56,55
13413.98,56,8
8830.261,56,9
4544.338,56,17
16408.99,56,42
3655.658,56,7
13053.9,56,35
3925.245,56,46
3884.671,56,3
3818.45,56,23
5494.764,56,47
4055.418,56,40
5694.333,56,10
3010.809,56,30
4764.565,56,4
4773.94,56,5
3975.359,56,31
4874.939,56,24
3742.335,56,48
7212.794,56,22
2555.768,56,12
5031.947,56,39
2351.435,56,34
3660.809,56,33
4504.574,56,6
5565.439,56,2
620.0156,56,56
4986.036,56,59
6370.278,56,52
12124.42,56,11
6043.745,56,37
7443.349,56,53
4421.781,56,14
3798.377,56,25
14506.35,56,44
1952.763,56,43
14839.04,56,45
5987.6,56,41
3411.543,56,27
6170.34,56,32
3415.927,56,51
2270.788,56,15
3626.299,56,28
6327.341,56,38
3836.225,56,57
3405.046,56,19
4913.997,56,26
4997.094,56,58
3213.871,56,21
2846.056,56,49
9552.786,56,1
12079.62,56,36
4488.571,56,54
9549.565,56,29
14774.54,59,16
8620.451,59,13
7497.094,59,20
8404.442,59,18
2179.09,59,50
7005.935,59,55
14264.9,59,8
13720.48,59,9
8123.768,59,17
15796.09,59,42
5171.491,59,7
16966.86,59,35
7688.102,59,46
7825.898,59,3
7968.923,59,23
8387.595,59,47
5684.017,59,40
8975.765,59,10
7469.547,59,30
8526.015,59,4
8725.037,59,5
6603.518,59,31
4053.215,59,24
7282.259,59,48
3320.081,59,22
2431.215,59,12
9142.171,59,39
4317.383,59,34
5439.95,59,33
7635.494,59,6
6861.33,59,2
4986.036,59,56
96.3427,59,59
9285.049,59,52
17101.06,59,11
2456.486,59,37
8002.278,59,53
8388.237,59,14
8196.645,59,25
10944.81,59,44
3057.006,59,43
17436.53,59,45
4567.657,59,41
7326.785,59,27
9449.49,59,32
6651.685,59,51
6576.936,59,15
4038.69,59,28
2734.159,59,38
7438.51,59,57
7784.423,59,19
2381.501,59,26
7746.883,59,58
5942.752,59,21
6642.944,59,49
14406.16,59,1
15871.38,59,36
3208.334,59,54
6658.517,59,29
9348.923,52,16
17836.17,52,13
2488.828,52,20
2078.484,52,18
9187.91,52,50
3470.514,52,55
7046.678,52,8
5845.943,52,9
1872.268,52,17
10042.32,52,42
9951.105,52,7
7724.87,52,35
2490.774,52,46
2614.646,52,3
2832.958,52,23
945.4926,52,47
3601.095,52,40
762.6525,52,10
3705.295,52,30
1816.853,52,4
2017.175,52,5
2775.634,52,31
11190.01,52,24
2628.122,52,48
12569.47,52,22
7782.559,52,12
2148.598,52,39
5246.054,52,34
3861.431,52,33
1903.561,52,6
11534.55,52,2
6370.278,52,56
9285.049,52,59
317.1194,52,52
9027.964,52,11
11514.28,52,37
3115.441,52,53
2243.923,52,14
3152.955,52,25
18884.43,52,44
7180.801,52,43
9010.541,52,45
12300.11,52,41
3003.534,52,27
561.6362,52,32
3042.643,52,51
4156.454,52,15
5246.646,52,28
11828.8,52,38
2537.356,52,57
3355.988,52,19
10701.82,52,26
1576.486,52,58
3560.147,52,21
3524.49,52,49
6146.918,52,1
6610.932,52,36
10642.98,52,54
7613.457,52,29
7397.651,11,16
13185.67,11,13
10163.51,11,20
9259.353,11,18
15124.74,11,50
10424.03,11,55
6841.765,11,8
3609.244,11,9
9640.465,11,17
6621.323,11,42
12467.17,11,7
3088.959,11,35
9935.079,11,46
9739.229,11,3
9522.823,11,23
9760.504,11,47
12384.58,11,40
9073.951,11,10
9860.541,11,30
9206.813,11,4
8938.404,11,5
11294.58,11,31
14147.54,11,24
10375.25,11,48
16863.46,11,22
14673.66,11,12
8484.521,11,39
13163.93,11,34
12487.84,11,33
10254.87,11,6
11312.39,11,2
12124.42,11,56
17101.06,11,59
9027.964,11,52
527.5446,11,11
16641.12,11,37
11358.63,11,53
9229.362,11,14
9207.354,11,25
11207.38,11,44
14069.46,11,43
4264.224,11,45
14231.54,11,41
10191.03,11,27
8683.526,11,32
11018.72,11,51
10736.3,11,15
13895.68,11,28
16623.59,11,38
10216.82,11,57
9597.715,11,19
15761.05,11,26
10343.81,11,58
11765.04,11,21
10831.55,11,49
3037.916,11,1
3594.984,11,36
14772,11,54
14615.26,11,29
15970.66,37,16
6532.159,37,13
9410.919,37,20
10261.22,37,18
2593.442,37,50
8703.475,37,55
16420.49,37,8
14623.82,37,9
10085.6,37,17
16562.12,37,42
4355.047,37,7
19097.63,37,35
9554.34,37,46
9623.965,37,3
9673.563,37,23
10579.58,37,47
7962.7,37,40
11084.66,37,10
8980.642,37,30
10436.4,37,4
10559.89,37,5
8747.895,37,31
2518.368,37,24
9207.439,37,48
1174.196,37,22
3842.43,37,12
10912.11,37,39
6300.096,37,34
7665.067,37,33
9717.922,37,6
5329.095,37,2
6043.745,37,56
2456.486,37,59
11514.28,37,52
16641.12,37,11
215.9889,37,37
10458.14,37,53
10201.5,37,14
9768.171,37,25
8928.609,37,44
4509.983,37,43
19026.41,37,45
2470.863,37,41
9108.276,37,27
11580.99,37,32
8629.723,37,51
8130.454,37,15
6347.465,37,28
315.5433,37,38
9351.424,37,57
9354.846,37,19
1187.123,37,26
9939.891,37,58
7997.892,37,21
8424.244,37,49
15357.34,37,1
18054.8,37,36
2040.94,37,54
8523.575,37,29
8446.602,53,16
15205.16,53,13
4429.667,53,20
4643.222,53,18
8919.738,53,50
5292.75,53,55
6674.87,53,8
8736.006,53,9
4203.844,53,17
9471.703,53,42
10960.48,53,7
9083.82,53,35
4603.614,53,46
4858.187,53,3
5195.729,53,23
3106.411,53,47
3414.671,53,40
3639.542,53,10
5862.641,53,30
4440.135,53,4
4757.643,53,5
3611.672,53,31
11342.32,53,24
4409.833,53,48
11173.65,53,22
7585.293,53,12
5059.889,53,39
5357.392,53,34
3818.638,53,33
3677.193,53,6
12990.9,53,2
7443.349,53,56
8002.278,53,59
3115.441,53,52
11358.63,53,11
10458.14,53,37
361.5058,53,53
4809.195,53,14
5654.899,53,25
15948,53,44
7231.038,53,43
9610.001,53,45
12264.32,53,41
4955.104,53,27
3669.818,53,32
4326.185,53,51
5829.689,53,15
4532.161,53,28
10727.72,53,38
4439.536,53,57
5657.291,53,19
10130.63,53,26
3093.103,53,58
4264.208,53,21
5067.213,53,49
8874.532,53,1
8106.662,53,36
10541.2,53,54
4504.671,53,29
11466.75,14,16
16644.24,14,13
934.7828,14,20
173.0333,14,18
7651.716,14,50
1512.952,14,55
9121.226,14,8
5638.61,14,9
628.025,14,17
12027.16,14,42
7831.141,14,7
8927.356,14,35
709.4576,14,46
577.8569,14,3
622.9741,14,23
1733.388,14,47
3284.383,14,40
1481.366,14,10
1505.523,14,30
427.9169,14,4
360.315,14,5
2162.912,14,31
9290.671,14,24
1145.901,14,48
11361.64,14,22
6363.421,14,12
756.7269,14,39
4071.167,14,34
3296.282,14,33
1297.695,14,6
9303.377,14,2
4421.781,14,56
8388.237,14,59
2243.923,14,52
9229.362,14,11
10201.5,14,37
4809.195,14,53
76.95715,14,14
916.1565,14,25
18867.02,14,44
5691.659,14,43
10542.52,14,45
10399.29,14,41
1093.599,14,27
1862.043,14,32
1790.145,14,51
2155.229,14,15
4669.672,14,28
10510.19,14,38
987.487,14,57
1128.93,14,19
9185.165,14,26
1776.441,14,58
2536.014,14,21
1781.716,14,49
6196.851,14,1
7854.576,14,36
8892.063,14,54
8981.913,14,29
12270.74,25,16
15992.95,25,13
1351.699,25,20
1087.773,25,18
7178.676,25,50
1216.697,25,55
9917.605,25,8
5604.292,25,9
1459.379,25,17
12747.34,25,42
7031.006,25,7
9337.488,25,35
1117.156,25,46
838.0254,25,3
485.3148,25,23
2628.122,25,47
3660.689,25,40
2390.782,25,10
791.2361,25,30
1342.89,25,4
1157.104,25,5
2606.405,25,31
8599.981,25,24
1483.495,25,48
10941.94,25,22
5991.679,25,12
1267.015,25,39
3959.594,25,34
3567.665,25,33
2010.678,25,6
8417.135,25,2
3798.377,25,56
8196.645,25,59
3152.955,25,52
9207.354,25,11
9768.171,25,37
5654.899,25,53
916.1565,25,14
214.0129,25,25
17991.74,25,44
5308.435,25,43
11058.24,25,45
9693.195,25,41
1062.053,25,27
2739.748,25,32
2008.041,25,51
1649.799,25,15
4804.221,25,28
10066.16,25,38
1371.805,25,57
417.5658,25,19
8683.7,25,26
2569.439,25,58
2702.586,25,21
1630.325,25,49
6239.55,25,1
8312.998,25,36
8282.781,25,54
9665.516,25,29
9729.112,44,16
2397.488,44,13
18322.31,44,20
19011.83,44,18
11410.95,44,50
17451.06,44,55
12070.38,44,8
14657.01,44,9
19006.65,44,17
9138.396,44,42
11041.03,44,7
11974.69,44,35
18419.03,44,46
18386.66,44,3
18247.02,44,23
18953.23,44,47
16471.37,44,40
19586.18,44,10
17362.61,44,30
19263.88,44,4
19147.14,44,5
17523.31,44,31
9631.967,44,24
18128.41,44,48
7798.826,44,22
12761.04,44,12
19023.78,44,39
15205.97,44,34
16325.42,44,33
18572.15,44,6
9575.732,44,2
14506.35,44,56
10944.81,44,59
18884.43,44,52
11207.38,44,11
8928.609,44,37
15948,44,53
18867.02,44,14
17991.74,44,25
194.9612,44,44
13410.34,44,43
10475.75,44,45
8518.801,44,41
17914.16,44,27
19335.4,44,32
17555.44,44,51
16774.49,44,15
14890.02,44,28
8614.42,44,38
18263.92,44,57
17738.59,44,19
9872.658,44,26
18491.59,44,58
16882.32,44,21
17284.29,44,49
14219.82,44,1
13077.16,44,36
10080.76,44,54
11530.09,44,29
15622.21,43,16
11015.89,43,13
4915.899,43,20
5752.112,43,18
2010.818,43,50
4198.98,43,55
13836.4,43,8
10688.13,43,9
5597.236,43,17
16694.83,43,42
3882.877,43,7
14615.72,43,35
5048.636,43,46
5114.034,43,3
5173.553,43,23
6236.475,43,47
3952.961,43,40
6651.62,43,10
4537.599,43,30
5932.586,43,4
6049.916,43,5
4431.495,43,31
4196.246,43,24
4718.152,43,48
5671.58,43,22
683.3699,43,12
6407.776,43,39
1994.771,43,34
3570.082,43,33
5300.738,43,6
5980.15,43,2
1952.763,43,56
3057.006,43,59
7180.801,43,52
14069.46,43,11
4509.983,43,37
7231.038,43,53
5691.659,43,14
5308.435,43,25
13410.34,43,44
353.4131,43,43
16173.1,43,45
5244.026,43,41
4598.316,43,27
7152.542,43,32
4174.471,43,51
3658.638,43,15
2742.321,43,28
4819.488,43,38
4856.792,43,57
4891.006,43,19
3542.771,43,26
5624.417,43,58
3625.628,43,21
3914.823,43,49
11392.76,43,1
13545.4,43,36
3509.467,43,54
8138.689,43,29
3133.925,45,16
12861.16,45,13
11269.33,45,20
10464.8,45,18
18180.65,45,50
12054.88,45,55
3171.635,45,8
6403.348,45,9
10585.31,45,17
2468.643,45,42
16666.29,45,7
1875.294,45,35
11151.94,45,46
11114.22,45,3
11103.5,45,23
9955.96,45,47
12438.79,45,40
9521.563,45,10
11849.47,45,30
10268.11,45,4
10182.22,45,5
11781.63,45,31
18392.68,45,24
11462.46,45,48
17961.38,45,22
16792.93,45,12
9864.613,45,39
14253.49,45,34
12775.54,45,33
10875.48,45,6
15505.62,45,2
14839.04,45,56
17436.53,45,59
9010.541,45,52
4264.224,45,11
19026.41,45,37
9610.001,45,53
10542.52,45,14
11058.24,45,25
10475.75,45,44
16173.1,45,43
426.4046,45,45
18063.47,45,41
11625.44,45,27
9020.645,45,32
11998.69,45,51
12666.63,45,15
13978.29,45,28
18825.88,45,38
11327.91,45,57
11463.65,45,19
19711.86,45,26
10581.03,45,58
12570.07,45,21
12293.23,45,49
5672.588,45,1
2761.299,45,36
18993.92,45,54
10918.97,45,29
17801.66,41,16
6300.282,41,13
9853.35,41,20
10515.8,41,18
3363.789,41,50
8932.395,41,55
18832.29,41,8
13143.47,41,9
10523.38,41,17
17626.81,41,42
2850.319,41,7
17255.37,41,35
9908.748,41,46
9871.489,41,3
9785.596,41,23
11378.64,41,47
9182.301,41,40
11665.22,41,10
8935.669,41,30
10751.64,41,4
10745.17,41,5
9638.198,41,31
1114.391,41,24
9691.141,41,48
2792.088,41,22
4756.725,41,12
10958.23,41,39
7238.671,41,34
8808.466,41,33
10397.98,41,6
2999.541,41,2
5987.6,41,56
4567.657,41,59
12300.11,41,52
14231.54,41,11
2470.863,41,37
12264.32,41,53
10399.29,41,14
9693.195,41,25
8518.801,41,44
5244.026,41,43
18063.47,41,45
206.0129,41,41
9397.381,41,27
12150.06,41,32
9261.544,41,51
8257.32,41,15
7772.693,41,28
2396.775,41,38
9799.565,41,57
9333.17,41,19
2210.015,41,26
10803.99,41,58
8821.542,41,21
8801.368,41,49
13794.33,41,1
17096.82,41,36
1750.016,41,54
10985.64,41,29
12351.58,27,16
15575.86,27,13
556.8245,27,20
1160.644,27,18
6564.271,27,50
469.7038,27,55
10036.25,27,8
6581.987,27,9
1139.992,27,17
13002.47,27,42
6947.899,27,7
10020.88,27,35
516.6628,27,46
515.774,27,3
668.9079,27,23
2219.584,27,47
2609.876,27,40
2293.005,27,10
911.2882,27,30
1368.178,27,4
1451.644,27,5
1600.171,27,31
8283.614,27,24
546.806,27,48
10268.04,27,22
5269.833,27,12
1826.82,27,39
3020.916,27,34
2505.682,27,33
1319.479,27,6
8590.702,27,2
3411.543,27,56
7326.785,27,59
3003.534,27,52
10191.03,27,11
9108.276,27,37
4955.104,27,53
1093.599,27,14
1062.053,27,25
17914.16,27,44
4598.316,27,43
11625.44,27,45
9397.381,27,41
210.3233,27,27
2760.441,27,32
949.9037,27,51
1156.427,27,15
3763.121,27,28
9417.306,27,38
530.0169,27,57
809.0182,27,19
8100.028,27,26
1912.468,27,58
1643.66,27,21
690.8161,27,49
7183.616,27,1
8947.446,27,36
7840.51,27,54
8707.608,27,29
9621.854,32,16
18069.91,32,13
2299.266,32,20
1711.396,32,18
9162.36,32,50
3229.235,32,55
7287.52,32,8
5392.036,32,9
1626.974,32,17
10242.03,32,42
9675.63,32,7
7616.365,32,35
2245.294,32,46
2314.488,32,3
2478.47,32,23
1087.167,32,47
3799.947,32,40
500.9223,32,10
3362.978,32,30
1452.86,32,4
1583.091,32,5
2853.773,32,31
11035.67,32,24
2471.427,32,48
12679,32,22
7782.462,32,12
1639.821,32,39
5280.981,32,34
4011.559,32,33
1864.041,32,6
11156.39,32,2
6170.34,32,56
9449.49,32,59
561.6362,32,52
8683.526,32,11
11580.99,32,37
3669.818,32,53
1862.043,32,14
2739.748,32,25
19335.4,32,44
7152.542,32,43
9020.645,32,45
12150.06,32,41
2760.441,32,27
114.3257,32,32
2978.071,32,51
3913.34,32,15
5433.479,32,28
11896.52,32,38
2354.293,32,57
2990.966,32,19
10694.58,32,26
1711.928,32,58
3583.115,32,21
3351.661,32,49
5740.448,32,1
6503.312,32,36
10549,32,54
8160.853,32,29
12249.37,51,16
15161.69,51,13
859.6657,51,20
1773.603,51,18
6184.488,51,50
1054.689,51,55
10024.41,51,8
7422.265,51,9
1476.123,51,17
13040.96,51,42
7068.477,51,7
10537.51,51,35
1083.813,51,46
1298.071,51,3
1576.432,51,23
2117.954,51,47
1661.533,51,40
2477.149,51,10
1750.842,51,30
1875.018,51,4
2097.38,51,5
741.4337,51,31
8154.784,51,24
645.1553,51,48
9756.628,51,22
4808.348,51,12
2541.149,51,39
2354.145,51,34
1564.973,51,33
1139.559,51,6
8892.294,51,2
3415.927,51,56
6651.685,51,59
3042.643,51,52
11018.72,51,11
8629.723,51,37
4326.185,51,53
1790.145,51,14
2008.041,51,25
17555.44,51,44
4174.471,51,43
11998.69,51,45
9261.544,51,41
949.9037,51,27
2978.071,51,32
183.6448,51,51
1504.083,51,15
2885.4,51,28
8944.426,51,38
804.2042,51,57
1746.583,51,19
7716.708,51,26
1582.097,51,58
746.4116,51,21
744.6108,51,49
7986.995,51,1
9434.639,51,36
7602.428,51,54
7810.207,51,29
13505.36,15,16
14491.46,15,13
1675.699,15,20
2261.25,15,18
5548.405,15,50
686.9657,15,55
11192.67,15,8
7169.651,15,9
2296.397,15,17
14153.3,15,42
5795.045,15,7
10979.1,15,35
1673,15,46
1614.179,15,3
1566.362,15,23
3340.904,15,47
2905.404,15,40
3449.3,15,10
892.6777,15,30
2494.316,15,4
2510.88,15,5
2233.583,15,31
7145.355,15,24
1574.19,15,48
9302.706,15,22
4341.881,15,12
2802.315,15,39
2466.589,15,34
2643.989,15,33
2383.171,15,6
7486.303,15,2
2270.788,15,56
6576.936,15,59
4156.454,15,52
10736.3,15,11
8130.454,15,37
5829.689,15,53
2155.229,15,14
1649.799,15,25
16774.49,15,44
3658.638,15,43
12666.63,15,45
8257.32,15,41
1156.427,15,27
3913.34,15,32
1504.083,15,51
1554.244,15,15
3539.516,15,28
8431.775,15,38
1632.621,15,57
1232.383,15,19
7067.929,15,26
2946.28,15,58
1796.546,15,21
763.4056,15,49
7834.547,15,1
9940.07,15,36
6737.911,15,54
9113.282,15,29
12880.18,28,16
12640.23,28,13
3734.89,28,20
4636.352,28,18
4409.454,28,50
3623.12,28,55
11201.76,28,8
10307.03,28,9
4263.906,28,17
13957.64,28,42
6605.185,28,7
12951.61,28,35
3968.088,28,46
4178.845,28,3
4427.939,28,23
4358.675,28,47
1645.602,28,40
4975.897,28,10
4291.096,28,30
4694.5,28,4
4957.345,28,5
2634.335,28,31
6813.409,28,24
3525.037,28,48
7340.407,28,22
3053.153,28,12
5411.38,28,39
1305.311,28,34
1435.557,28,33
3684.742,28,6
8701.922,28,2
3626.299,28,56
4038.69,28,59
5246.646,28,52
13895.68,28,11
6347.465,28,37
4532.161,28,53
4669.672,28,14
4804.221,28,25
14890.02,28,44
2742.321,28,43
13978.29,28,45
7772.693,28,41
3763.121,28,27
5433.479,28,32
2885.4,28,51
3539.516,28,15
551.9157,28,28
6654.987,28,38
3682.662,28,57
4458.122,28,19
5741.941,28,26
3722.393,28,58
2140.525,28,21
3191.071,28,49
10858.59,28,1
11843.31,28,36
6029.935,28,54
5951.747,28,29
15891.11,38,16
6217.666,38,13
9723.795,38,20
10571.47,38,18
2887.813,38,50
9009.899,38,55
16540.27,38,8
14835.63,38,9
10399.17,38,17
16402.79,38,42
4484.657,38,7
19364.4,38,35
9865.71,38,46
9932.874,38,3
9978.475,38,23
10894.61,38,47
8273.529,38,40
11400.13,38,10
9277.475,38,30
10748.26,38,4
10868.94,38,5
9063.136,38,31
2587.967,38,24
9520.76,38,48
886.1407,38,22
4154.034,38,12
11217.8,38,39
6615.604,38,34
7978.045,38,33
10033.4,38,6
5326.388,38,2
6327.341,38,56
2734.159,38,59
11828.8,38,52
16623.59,38,11
315.5433,38,37
10727.72,38,53
10510.19,38,14
10066.16,38,25
8614.42,38,44
4819.488,38,43
18825.88,38,45
2396.775,38,41
9417.306,38,27
11896.52,38,32
8944.426,38,51
8431.775,38,15
6654.987,38,28
9.559828,38,38
9664.326,38,57
9653.847,38,19
1433.936,38,26
10254.73,38,58
8313.423,38,21
8734.249,38,49
15564.31,38,1
18364.75,38,36
2207.195,38,54
8642.947,38,29
11879.9,57,16
15872.67,57,13
59.61723,57,20
971.336,57,18
6853.285,57,50
959.4427,57,55
9583.929,57,8
6624.73,57,9
742.9638,57,17
12573.23,57,42
7422.387,57,7
9798.274,57,35
293.086,57,46
553.9702,57,3
891.5908,57,23
1709.914,57,47
2346.3,57,40
1865.664,57,10
1424.061,57,30
1094.61,57,4
1294.938,57,5
1249.986,57,31
8685.43,57,24
159.0699,57,48
10494.27,57,22
5511.714,57,12
1736.948,57,39
3125.928,57,34
2322.519,57,33
789.4631,57,6
9104.249,57,2
3836.225,57,56
7438.51,57,59
2537.356,57,52
10216.82,57,11
9351.424,57,37
4439.536,57,53
987.487,57,14
1371.805,57,25
18263.92,57,44
4856.792,57,43
11327.91,57,45
9799.565,57,41
530.0169,57,27
2354.293,57,32
804.2042,57,51
1632.621,57,15
3682.662,57,28
9664.326,57,38
83.2897,57,57
1244.273,57,19
8391.738,57,26
1382.907,57,58
1548.989,57,21
998.2211,57,49
7183.664,57,1
8705.267,57,36
8198.256,57,54
8298.498,57,29
12585.03,19,16
15625.38,19,13
1242.31,19,20
1283.716,19,18
6767.017,19,50
838.4113,19,55
10235.23,19,8
6000.775,19,9
1546.508,19,17
13104.44,19,42
6713.787,19,7
9751.91,19,35
1053.71,19,46
810.3746,19,3
523.7871,19,23
2729.073,19,47
3407.464,19,40
2596.908,19,10
397.8922,19,30
1545.797,19,4
1437.571,19,5
2408.377,19,31
8233.46,19,24
1318.564,19,48
10528.27,19,22
5574.222,19,12
1631.147,19,39
3566.229,19,34
3277.226,19,33
1980.122,19,6
8180.65,19,2
3405.046,19,56
7784.423,19,59
3355.988,19,52
9597.715,19,11
9354.846,19,37
5657.291,19,53
1128.93,19,14
417.5658,19,25
17738.59,19,44
4891.006,19,43
11463.65,19,45
9333.17,19,41
809.0182,19,27
2990.966,19,32
1746.583,19,51
1232.383,19,15
4458.122,19,28
9653.847,19,38
1244.273,19,57
252.3032,19,19
8276.24,19,26
2567.493,19,58
2395.229,19,21
1267.46,19,49
6644.253,19,1
8722.905,19,36
7893.266,19,54
9513.372,19,29
16890.18,26,16
7484.506,26,13
8450.441,26,20
9260.542,26,18
1538.62,26,50
7673.707,26,55
16629.35,26,8
13439.07,26,9
9134.03,26,17
17659.3,26,42
3303.891,26,7
17931.82,26,35
8570.566,26,46
8612.231,26,3
8628.834,26,23
9756.441,26,47
7275.437,26,40
10193.69,26,10
7892.627,26,30
9454.805,26,4
9545.471,26,5
7930.385,26,31
1727.328,26,24
8256.267,26,48
2316.466,26,22
2919.706,26,12
9868.662,26,39
5458.478,26,34
6937.416,26,33
8838.563,26,6
4612.997,26,2
4913.997,26,56
2381.501,26,59
10701.82,26,52
15761.05,26,11
1187.123,26,37
10130.63,26,53
9185.165,26,14
8683.7,26,25
9872.658,26,44
3542.771,26,43
19711.86,26,45
2210.015,26,41
8100.028,26,27
10694.58,26,32
7716.708,26,51
7067.929,26,15
5741.941,26,28
1433.936,26,38
8391.738,26,57
8276.24,26,19
269.427,26,26
9131.022,26,58
7142.523,26,21
7429.726,26,49
14173.7,26,1
16992.48,26,36
990.7018,26,54
8970.98,26,29
10668.78,58,16
16362.34,58,13
1362.566,58,20
1626.512,58,18
7625.121,58,50
2313.671,58,55
8447.175,58,8
6919.073,58,9
1149.141,58,17
11464.98,58,42
8646.589,58,7
9288.206,58,35
1514.704,58,46
1765.166,58,3
2103.728,58,23
642.7219,58,47
2088.653,58,40
1273.835,58,10
2798.361,58,30
1483.828,58,4
1826.619,58,5
1200.805,58,31
9705.592,58,24
1390.911,58,48
11006.77,58,22
6213.792,58,12
2234.848,58,39
3672.809,58,34
2307.202,58,33
595.3532,58,6
10427.62,58,2
4997.094,58,56
7746.883,58,59
1576.486,58,52
10343.81,58,11
9939.891,58,37
3093.103,58,53
1776.441,58,14
2569.439,58,25
18491.59,58,44
5624.417,58,43
10581.03,58,45
10803.99,58,41
1912.468,58,27
1711.928,58,32
1582.097,58,51
2946.28,58,15
3722.393,58,28
10254.73,58,38
1382.907,58,57
2567.493,58,19
9131.022,58,26
152.3892,58,58
1998.929,58,21
2212.683,58,49
7347.75,58,1
8173.395,58,36
9111.909,58,54
7214.399,58,29
12502.27,21,16
14512.6,21,13
1603.29,21,20
2514.58,21,18
5628.797,21,50
1600.686,21,55
10374.6,21,8
8168.275,21,9
2185.64,21,17
13383.32,21,42
6841.785,21,7
11192.37,21,35
1830.223,21,46
2038.686,21,3
2298.498,21,23
2614.675,21,47
1109.213,21,40
3087.75,21,10
2313.788,21,30
2600.656,21,4
2838.027,21,5
817.238,21,31
7732.957,21,24
1390.226,21,48
9102.793,21,22
4222.863,21,12
3285.214,21,39
1698.194,21,34
890.1459,21,33
1721.419,21,6
8777.496,21,2
3213.871,21,56
5942.752,21,59
3560.147,21,52
11765.04,21,11
7997.892,21,37
4264.208,21,53
2536.014,21,14
2702.586,21,25
16882.32,21,44
3625.628,21,43
12570.07,21,45
8821.542,21,41
1643.66,21,27
3583.115,21,32
746.4116,21,51
1796.546,21,15
2140.525,21,28
8313.423,21,38
1548.989,21,57
2395.229,21,19
7142.523,21,26
1998.929,21,58
332.3085,21,21
1181.469,21,49
8732.645,21,1
10081.97,21,36
7116.708,21,54
7323.674,21,29
12845.99,49,16
14913.19,49,13
1052.484,49,20
1837.307,49,18
5891.902,49,50
433.5281,49,55
10568.55,49,8
7224.076,49,9
1730.779,49,17
13566.19,49,42
6460.799,49,7
10708.16,49,35
1141.565,49,46
1204.434,49,3
1328.55,49,23
2657.681,49,47
2267.659,49,40
2863.877,49,10
1135.325,49,30
2025.144,49,4
2137.511,49,5
1482.129,49,31
7687.269,49,24
896.3701,49,48
9581.404,49,22
4583.481,49,12
2517.525,49,39
2349.756,49,34
2070.605,49,33
1674.773,49,6
8215.83,49,2
2846.056,49,56
6642.944,49,59
3524.49,49,52
10831.55,49,11
8424.244,49,37
5067.213,49,53
1781.716,49,14
1630.325,49,25
17284.29,49,44
3914.823,49,43
12293.23,49,45
8801.368,49,41
690.8161,49,27
3351.661,49,32
744.6108,49,51
763.4056,49,15
3191.071,49,28
8734.249,49,38
998.2211,49,57
1267.46,49,19
7429.726,49,26
2212.683,49,58
1181.469,49,21
292.2376,49,49
7842.333,49,1
9630.776,49,36
7205.898,49,54
8478.047,49,29
8403.226,1,16
15961.95,1,13
7129.667,1,20
6222.864,1,18
12946.79,1,50
7450.31,1,55
6794.436,1,8
737.0425,1,9
6603.182,1,17
8080.885,1,42
11159.25,1,7
3815.184,1,35
6904.571,1,46
6717.542,1,3
6519.391,1,23
6792.216,1,47
9357.814,1,40
6092.003,1,10
6943.182,1,30
6169.154,1,4
5901.343,1,5
8259.79,1,31
13131.11,1,24
7342.427,1,48
16371.12,1,22
12059.81,1,12
5448.801,1,39
10191.14,1,34
9450.717,1,33
7224.739,1,6
10918.79,1,2
9552.786,1,56
14406.16,1,59
6146.918,1,52
3037.916,1,11
15357.34,1,37
8874.532,1,53
6196.851,1,14
6239.55,1,25
14219.82,1,44
11392.76,1,43
5672.588,1,45
13794.33,1,41
7183.616,1,27
5740.448,1,32
7986.995,1,51
7834.547,1,15
10858.59,1,28
15564.31,1,38
7183.664,1,57
6644.253,1,19
14173.7,1,26
7347.75,1,58
8732.645,1,21
7842.333,1,49
1161.074,1,1
3303.033,1,36
13362.15,1,54
13040.41,1,29
5114.314,36,16
15469.75,36,13
8645.725,36,20
7793.681,36,18
15488.41,36,50
9355.841,36,55
3606.018,36,8
3966.587,36,9
7973.097,36,17
4922.363,36,42
14402.5,36,7
1114.829,36,35
8500.567,36,46
8431.873,36,3
8388.854,36,23
7530.821,36,47
10202.79,36,40
6995.169,36,10
9103.444,36,30
7618.86,36,4
7495.812,36,5
9352.117,36,31
16375.76,36,24
8850.266,36,48
19180.12,36,22
14212.44,36,12
7148.895,36,39
11775.83,36,34
10472.25,36,33
8360.616,36,6
14172.2,36,2
12079.62,36,56
15871.38,36,59
6610.932,36,52
3594.984,36,11
18054.8,36,37
8106.662,36,53
7854.576,36,14
8312.998,36,25
13077.16,36,44
13545.4,36,43
2761.299,36,45
17096.82,36,41
8947.446,36,27
6503.312,36,32
9434.639,36,51
9940.07,36,15
11843.31,36,28
18364.75,36,38
8705.267,36,57
8722.905,36,19
16992.48,36,26
8173.395,36,58
10081.97,36,21
9630.776,36,49
3303.033,36,1
359.182,36,36
16429.71,36,54
11036.96,36,29
17877.15,54,16
7753.618,54,13
8254.594,54,20
8989.95,54,18
1622.246,54,50
7388.299,54,55
17207.4,54,8
12637.78,54,9
8936.451,54,17
18603.05,54,42
2330.799,54,7
17177.21,54,35
8338.598,54,46
8337.11,54,3
8299.982,54,23
9706.721,54,47
7434.833,54,40
10053.22,54,10
7498.113,54,30
9208.554,54,4
9248.713,54,5
7929.799,54,31
868.035,54,24
8077.671,54,48
3023.314,54,22
3006.763,54,12
9520.277,54,39
5502.821,54,34
7064.045,54,33
8741.851,54,6
3672.564,54,2
4488.571,54,56
3208.334,54,59
10642.98,54,52
14772,54,11
2040.94,54,37
10541.2,54,53
8892.063,54,14
8282.781,54,25
10080.76,54,44
3509.467,54,43
18993.92,54,45
1750.016,54,41
7840.51,54,27
10549,54,32
7602.428,54,51
6737.911,54,15
6029.935,54,28
2207.195,54,38
8198.256,54,57
7893.266,54,19
990.7018,54,26
9111.909,54,58
7116.708,54,21
7205.898,54,49
13362.15,54,1
16429.71,54,36
216.4326,54,54
9862.524,54,29
8145.136,29,16
10827.98,29,13
8314.978,29,20
8838.753,29,18
8661.903,29,50
8857.462,29,55
7900.19,29,8
13075.43,29,9
8354.959,29,17
9226.93,29,42
11674.59,29,7
11571.87,29,35
8549.082,29,46
8828.848,29,3
9180.494,29,23
7447.985,29,47
6216.672,29,40
8070.031,29,10
9561.048,29,30
8692.812,29,4
9033.48,29,5
7108.558,29,31
10689.86,29,24
8202.181,29,48
8573.012,29,22
8000.751,29,12
9408.457,29,39
7256.418,29,34
6472.01,29,33
7697.383,29,6
13517,29,2
9549.565,29,56
6658.517,29,59
7613.457,29,52
14615.26,29,11
8523.575,29,37
4504.671,29,53
8981.913,29,14
9665.516,29,25
11530.09,29,44
8138.689,29,43
10918.97,29,45
10985.64,29,41
8707.608,29,27
8160.853,29,32
7810.207,29,51
9113.282,29,15
5951.747,29,28
8642.947,29,38
8298.498,29,57
9513.372,29,19
8970.98,29,26
7214.399,29,58
7323.674,29,21
8478.047,29,49
13040.41,29,1
11036.96,29,36
9862.524,29,54
415.4302,29,29
